9.999999999999999547481118e-07
8   9
2.707905270000000030883314e-01   1.941250459999999955496008e-01   5.186200140000000319284723e-02
2.707905270000000030883314e-01   1.941250459999999955496008e-01   7.875000239999999651629992e-01
2.501429269999999593920847e-01   2.147726459999999837346962e-01   7.472758290000000025443683e-01
2.501429269999999593920847e-01   2.147726459999999837346962e-01   9.107003360000000269369735e-02
2.440265289999999920311780e-01   1.673610549999999808079565e-01   2.810713349999999777217852e-01
2.440265289999999920311780e-01   1.673610549999999808079565e-01   5.521356459999999799492798e-01
2.260709949999999968106579e-01   1.743837489999999768031103e-01   5.523402689999999948256004e-01
2.274492340000000001332126e-01   1.738446989999999914289219e-01   2.814805209999999835446260e-01
7.071067811865465735365888e-01   7.071067811865485719380331e-01   -0.000000000000000000000000e+00   2.707905270000000030883314e-01   1.941250459999999955496008e-01   5.186200140000000319284723e-02
7.071066887162739122985045e-01   -7.071068736568091317451490e-01   0.000000000000000000000000e+00   2.707905270000000030883314e-01   1.941250459999999955496008e-01   5.186200140000000319284723e-02
-8.612268844598730543893339e-01   -4.659640129897280602655485e-01   2.028935486457097425727625e-01   2.707905270000000030883314e-01   1.941250459999999955496008e-01   7.875000239999999651629992e-01
-3.589227840422372084461244e-01   -9.219330341557824270992683e-01   1.456499764081076730981579e-01   2.707905270000000030883314e-01   1.941250459999999955496008e-01   7.875000239999999651629992e-01
-8.745566239658829621461678e-01   4.849234078464321195944819e-01   0.000000000000000000000000e+00   2.501429269999999593920847e-01   2.147726459999999837346962e-01   7.472758290000000025443683e-01
-8.473833614478903930589127e-01   5.309544406620929635209905e-01   -5.368489776256733965464907e-03   2.501429269999999593920847e-01   2.147726459999999837346962e-01   7.472758290000000025443683e-01
-3.633420377207484674997318e-01   -9.195343340422603706230120e-01   -1.497971032510000133353145e-01   2.707905270000000030883314e-01   1.941250459999999955496008e-01   5.186200140000000319284723e-02
-8.580702718445469834307460e-01   -4.714459950947902933116040e-01   -2.036027560857369411717599e-01   2.707905270000000030883314e-01   1.941250459999999955496008e-01   5.186200140000000319284723e-02
-3.642471083605343107336694e-01   -9.313023376170540545970766e-01   0.000000000000000000000000e+00   2.440265289999999920311780e-01   1.673610549999999808079565e-01   2.810713349999999777217852e-01
8   8
2.281040000000000012025936e-01   1.941249999999999920063942e-01   -1.766881000000000145888635e-01
2.953910000000000146691548e-01   1.941249999999999920063942e-01   -1.766882000000000174644299e-01
2.963580000000000103099751e-01   1.989849999999999952127183e-01   -1.766882000000000174644299e-01
2.341920000000000112727605e-01   2.247349999999999903277370e-01   -1.766880000000000117132970e-01
2.281040000000000012025936e-01   1.941249999999999920063942e-01   5.186190000000000244195775e-02
2.953910000000000146691548e-01   1.941249999999999920063942e-01   5.186179999999999956639130e-02
2.963580000000000103099751e-01   1.989849999999999952127183e-01   5.186179999999999956639130e-02
2.341920000000000112727605e-01   2.247349999999999903277370e-01   5.186199999999999837863029e-02
-1.722122824865231653564688e-06   3.609417960139021024572976e-06   -9.999999999920031745759275e-01   2.281040000000000012025936e-01   1.941249999999999920063942e-01   -1.766881000000000145888635e-01
-1.486171177237219207626653e-06   2.957052527548114153917570e-07   -9.999999999988520293925376e-01   2.281040000000000012025936e-01   1.941249999999999920063942e-01   -1.766881000000000145888635e-01
0.000000000000000000000000e+00   -1.000000000000000000000000e+00   0.000000000000000000000000e+00   2.281040000000000012025936e-01   1.941249999999999920063942e-01   -1.766881000000000145888635e-01
9.807742393610513476076562e-01   -1.951458208769818458705458e-01   0.000000000000000000000000e+00   2.953910000000000146691548e-01   1.941249999999999920063942e-01   -1.766882000000000174644299e-01
3.826834283250724610958571e-01   9.238795341847166886495302e-01   -0.000000000000000000000000e+00   2.963580000000000103099751e-01   1.989849999999999952127183e-01   -1.766882000000000174644299e-01
-9.807896181536881474727352e-01   1.950685134047586977157351e-01   0.000000000000000000000000e+00   2.281040000000000012025936e-01   1.941249999999999920063942e-01   -1.766881000000000145888635e-01
1.486171177237218784110179e-06   -2.957052527548113095126386e-07   9.999999999988518073479327e-01   2.281040000000000012025936e-01   1.941249999999999920063942e-01   5.186190000000000244195775e-02
1.722122824848858506694262e-06   -3.609417959909077837414798e-06   9.999999999920031745759275e-01   2.281040000000000012025936e-01   1.941249999999999920063942e-01   5.186190000000000244195775e-02
