1.789944346005991888774733e-05
8   6
2.619090450372665856981769e-01   -2.621751378633782603166935e-03   2.484627063413671899105850e-01
2.954155069622069751389404e-01   1.229200448715674076627380e-02   2.381424885506362998377483e-01
2.972452463631620189765670e-01   6.351423114375323586422439e-03   2.354983305224626621843242e-01
2.637430631354814591915670e-01   -8.576224319377448446211076e-03   2.458123651639955165038032e-01
1.777891989596187827249452e-01   5.558861091081695321447498e-02   5.947219012956432571126442e-02
2.112956608845591721657087e-01   7.050236677660748352280962e-02   4.915197233883342176063991e-02
2.131254002855142160033353e-01   6.456178540382605246517045e-02   4.650781431065979798500365e-02
1.796232170578336839739109e-01   4.963413797007328737143084e-02   5.682184895219262454890696e-02
-2.708718580244335871753947e-01   8.794346961926611250248698e-01   3.914371618317723511282225e-01   0.000000000000000000000000e+00   2.729945487190033742708195e-02   0.000000000000000000000000e+00
8.794346961926610140025673e-01   3.914371618317727952174323e-01   -2.708718580244328655304287e-01   2.275371855165864432013478e-01   0.000000000000000000000000e+00   0.000000000000000000000000e+00
2.712364427962967172724973e-01   -8.792723332439846828378904e-01   -3.915494299458121552071077e-01   0.000000000000000000000000e+00   1.952765233207890901989678e-02   0.000000000000000000000000e+00
-8.794346961926619021809870e-01   -3.914371618317697421041146e-01   2.708718580244342533092095e-01   1.842139004961674542126815e-01   0.000000000000000000000000e+00   0.000000000000000000000000e+00
3.914371618317717960167101e-01   -2.708718580244297569059597e-01   8.794346961926624572924993e-01   0.000000000000000000000000e+00   0.000000000000000000000000e+00   3.658461713804251891346553e-01
-3.914371618317722401059200e-01   2.708718580244336426865459e-01   -8.794346961926610140025673e-01   0.000000000000000000000000e+00   0.000000000000000000000000e+00   1.214846503597435678489802e-01
8   6
2.251358861284007417680186e-01   1.701751737575748490982619e-01   2.239754785884032484144512e-01
2.899070894547830512522069e-01   1.253539408695431567331013e-01   3.694957538039335132040719e-01
2.243443540046174411450863e-01   -3.054810870435706315895175e-02   3.506588955095355508717603e-01
1.595731506782351039053225e-01   1.427312418367463614510271e-02   2.051386202940052028154128e-01
3.673439325367913177444734e-01   1.198904757739858856213644e-01   1.451905228108545942156127e-01
4.321151358631736272286616e-01   7.506924288595417937841603e-02   2.907107980263848867608090e-01
3.665524004130080726326923e-01   -8.083280668794605439142487e-02   2.718739397319868134061949e-01
3.017811970866257076373529e-01   -3.601157379991436896515822e-02   1.263536645164565486165742e-01
3.852717539623322640096603e-01   9.161401773926024505456667e-01   1.106925967074535305245675e-01   2.251358861284007417680186e-01   1.701751737575748490982619e-01   2.239754785884032484144512e-01
8.356689679147889515675729e-01   -2.954921520064795470439378e-01   -4.629705867188660950439782e-01   3.673439325367913177444734e-01   1.198904757739858856213644e-01   1.451905228108545942156127e-01
-8.356689679147889515675729e-01   2.954921520064796580662403e-01   4.629705867188662060662807e-01   2.251358861284007417680186e-01   1.701751737575748490982619e-01   2.239754785884032484144512e-01
3.914371618319088530491001e-01   -2.708718580244727225370127e-01   8.794346961925881833721519e-01   2.899070894547830512522069e-01   1.253539408695431567331013e-01   3.694957538039335132040719e-01
-3.852717539623323750319628e-01   -9.161401773926025615679691e-01   -1.106925967074534056244772e-01   2.243443540046174411450863e-01   -3.054810870435706315895175e-02   3.506588955095355508717603e-01
-3.914371618319086865156464e-01   2.708718580244732221373738e-01   -8.794346961925880723498494e-01   2.251358861284007417680186e-01   1.701751737575748490982619e-01   2.239754785884032484144512e-01
