1.000000000000000047921736e-04
16   28
7.646894602173425203872625e-01   -4.642421271252642478444272e-01   -4.174305943154872911016184e-01
-3.571275676866660087060978e-02   -8.243030109788770376511025e-01   3.929447801285163022200209e-02
-3.003454466584816184848705e-01   -5.059219891000176216877549e-01   -9.308708039954634028134706e-01
8.978409523832803218468257e-01   -5.871132942089407613650565e-01   4.868642303332985643571362e-01
7.019748378321412074498653e-01   -5.089005552040881674713546e-01   1.008368684890851740831863e+00
-4.932480285145565135351831e-01   -6.196152441527765786233317e-01   2.265915242846085475569851e-01
9.761033746535440203118128e-01   7.694178021137684231334219e-01   -2.949998738919384355661180e-01
5.894742214304741212416161e-01   6.932395819775943879292868e-01   -6.223457025700926958933223e-01
-5.394531133069904171861708e-01   8.115246494121498566087780e-01   -6.052173299972047892936189e-01
-6.205260650117537801762069e-01   2.184253474550440776713600e-01   -8.251853230759433888152898e-01
-7.374138542858016398540144e-01   -3.146489814690542896613579e-01   -2.054315503944789678136829e-01
-5.715168946057170851204887e-01   -8.444763828741738698191455e-02   7.885433033753854736858102e-01
-9.253533147626339383506888e-01   9.868387844119400620357396e-01   -1.005503885217711723676359e-01
3.048416837839603710236247e-01   8.741793570221304543466090e-01   4.324534709483633387883117e-01
8.881316276910397045085688e-01   2.282666033032660080070997e-01   5.768017179923141668496100e-01
9.588290200609849156521136e-01   4.393401649730933611337491e-01   9.015270277864900760889100e-02
2.039059736784109011509258e-01   -8.973868269926807972325378e-01   -3.501167559763959657992416e-01   7.646894602173425203872625e-01   -4.642421271252642478444272e-01   -4.174305943154872911016184e-01
2.694828511539300586186130e-01   -7.846132073479767932155937e-01   -1.462889984931279585556041e-01   8.978409523832803218468257e-01   -5.871132942089407613650565e-01   4.868642303332985643571362e-01
8.868983764606047648371145e-02   -5.745161662690883019877219e-01   1.194732208361258540829652e-01   7.019748378321412074498653e-01   -5.089005552040881674713546e-01   1.008368684890851740831863e+00
-1.392836869411559208575824e-01   -5.815523381259071200588551e-01   2.953033746663961123246622e-01   -4.932480285145565135351831e-01   -6.196152441527765786233317e-01   2.265915242846085475569851e-01
-2.582127900133899811585536e-01   -4.934497571054145548252734e-01   -9.150347304134784365281519e-02   -3.003454466584816184848705e-01   -5.059219891000176216877549e-01   -9.308708039954634028134706e-01
1.130635494892781256481840e+00   -1.748786755720519725532114e-01   -1.902403348080070333292468e-01   8.978409523832803218468257e-01   -5.871132942089407613650565e-01   4.868642303332985643571362e-01
6.028384848511024740602693e-01   -1.282791942955362474165781e-01   -1.240061371233342812914202e+00   5.894742214304741212416161e-01   6.932395819775943879292868e-01   -6.223457025700926958933223e-01
3.945068774719288073882240e-01   -2.187017724936367660260039e-02   -4.608637580931482791157805e-01   9.761033746535440203118128e-01   7.694178021137684231334219e-01   -2.949998738919384355661180e-01
3.741531448318406033459738e-02   3.761719820910002787250903e-01   -1.317321304845306961794904e-01   9.761033746535440203118128e-01   7.694178021137684231334219e-01   -2.949998738919384355661180e-01
9.674536813830292292237800e-02   1.928247773055101477179818e-01   -1.028486799927655237496538e+00   -6.205260650117537801762069e-01   2.184253474550440776713600e-01   -8.251853230759433888152898e-01
1.586010307812137087868365e-02   2.497165278763123219540887e-01   -6.791557337526024085150311e-01   -5.394531133069904171861708e-01   8.115246494121498566087780e-01   -6.052173299972047892936189e-01
-5.052552113799635424840062e-01   -1.860798039408772808211978e-01   -2.553474270996392569976763e-01   -3.003454466584816184848705e-01   -5.059219891000176216877549e-01   -9.308708039954634028134706e-01
-3.038688508346065741960729e-01   -3.659511117106075683835797e-01   -8.658878695526564528428537e-02   -4.932480285145565135351831e-01   -6.196152441527765786233317e-01   2.265915242846085475569851e-01
-4.025810884323814953233978e-01   -1.710233763656688332766009e-01   1.068002768358217169364366e-01   -5.715168946057170851204887e-01   -8.444763828741738698191455e-02   7.885433033753854736858102e-01
-1.269502327437280975175327e+00   -2.042065636274436324359982e-01   2.591767796590816463897511e-01   -5.715168946057170851204887e-01   -8.444763828741738698191455e-02   7.885433033753854736858102e-01
-8.625114079855903392868299e-01   -1.042168625184414360029805e-01   -2.523137294930934970693670e-01   -7.374138542858016398540144e-01   -3.146489814690542896613579e-01   -2.054315503944789678136829e-01
-2.607541122756683593664206e-01   1.258005314161073084910925e-01   -2.430903745084490585881554e-01   -6.205260650117537801762069e-01   2.184253474550440776713600e-01   -8.251853230759433888152898e-01
7.563543882017745301205025e-02   8.845642362183723239610345e-01   -2.494494338750136708249272e-01   -5.394531133069904171861708e-01   8.115246494121498566087780e-01   -6.052173299972047892936189e-01
1.377927903727594882710150e-01   1.252694538446466721026695e+00   -5.325318316614870151060046e-02   -9.253533147626339383506888e-01   9.868387844119400620357396e-01   -1.005503885217711723676359e-01
-4.708350116716860100929409e-01   9.051624354464760102700893e-01   1.278028190731083757469833e+00   -5.715168946057170851204887e-01   -8.444763828741738698191455e-02   7.885433033753854736858102e-01
4.849935399764185861570809e-01   5.212116690916995809246259e-01   3.724701257294370515538162e-01   3.048416837839603710236247e-01   8.741793570221304543466090e-01   4.324534709483633387883117e-01
7.933643091439088190774953e-02   1.882273518425538194609459e-02   1.968946867607971468183692e-02   8.881316276910397045085688e-01   2.282666033032660080070997e-01   5.768017179923141668496100e-01
2.643955909946916205122136e-01   -1.663677581429329893625280e-02   -2.399476246162959153229721e-03   9.761033746535440203118128e-01   7.694178021137684231334219e-01   -2.949998738919384355661180e-01
4.157872499971592694656408e-01   -1.633312553927911831008757e-03   5.969461428918623746575634e-02   8.978409523832803218468257e-01   -5.871132942089407613650565e-01   4.868642303332985643571362e-01
-5.958717691692841378348078e-02   6.461233164398574313480594e-01   1.592776507880899972136035e+00   -5.715168946057170851204887e-01   -8.444763828741738698191455e-02   7.885433033753854736858102e-01
1.723458208946255787452628e-01   2.786000782058574154476105e-01   5.502232352971208051428675e-01   3.048416837839603710236247e-01   8.741793570221304543466090e-01   4.324534709483633387883117e-01
4.181899914602701939791984e-01   -1.255225018251326929430434e-02   1.589458995307543587305332e-01   8.881316276910397045085688e-01   2.282666033032660080070997e-01   5.768017179923141668496100e-01
-3.561654949356641286506431e-01   -7.328464280501223448993642e-01   6.483100730219437668466753e-01   -4.932480285145565135351831e-01   -6.196152441527765786233317e-01   2.265915242846085475569851e-01
29   54
-7.086293434531564239264867e-01   6.666245827994424777429572e-01   -1.406368897718549004771660e-01
3.354016297196019125159694e-03   9.709519069739392937989919e-01   6.887005109985826489804595e-01
-9.344834917152688991137666e-01   7.359547414751513860764476e-01   -9.086600271326770172919396e-01
-7.912342146231020612034968e-01   3.265548295232257869358250e-01   3.070197968543600386404080e-01
6.664359067410398351771761e-02   6.788284596655650426910711e-01   9.699215991515299783998216e-01
1.268615104615974376045529e-01   7.614063280687696222415184e-01   8.561558518121743510675969e-01
4.547063110418182452221458e-01   8.489696798375666597635814e-01   5.334090299827087822137628e-01
5.583536288274236758510938e-01   8.494397025087102592877386e-01   4.330800638921000200731726e-01
7.303063822352823253325482e-01   8.593662283892585795896935e-01   -7.317994617306624594021969e-01
7.806171318193045882694037e-01   4.321344870525106740544174e-01   7.843238915476593575704101e-01
9.268506253496048286066866e-01   1.784602508081404026452077e-01   -7.185646675846375508456276e-01
5.416619589979118076783493e-01   3.125448779028584533890012e-01   8.417629133405921670885164e-01
7.321094972463834116283010e-01   -8.356797800332679271306802e-01   6.299369808658663583145199e-01
8.569297920944772828377722e-01   -9.809842681190856783501886e-01   4.974057225265567372396447e-01
-8.480645360881763350491269e-01   -8.206580339794317113799593e-01   -8.995770923092853976754668e-01
-7.107453837807967689244038e-01   -8.976652038505604780382896e-01   8.409188836305023784234436e-01
-8.948283678595109202902336e-01   -7.803786147992958222019411e-01   7.662106823484454709571878e-02
-5.207094817285935484107995e-01   -9.642594124722571047314545e-01   -4.079454212253658673681400e-01
-9.910492579643843669146008e-01   3.512139259144717029492710e-02   1.852452844545456334124367e-01
1.242791112858238206095862e-01   -6.409766191574636229333350e-01   -9.940381794907331425292796e-01
1.083697432691090034584391e-02   7.370275123915762671700236e-01   -8.785992347768505350558144e-01
8.199622165271837070932293e-01   -2.950268276245457954587437e-01   -6.158918857415633940632915e-01
7.590466839769142159966009e-01   -1.023824000043712934004958e-01   -8.409968734676935842031753e-01
3.532121961485651384649032e-01   -9.626193310658537338753149e-01   -8.430972238039118327179722e-01
7.131929052356597020789764e-01   -7.668417042665377492127732e-01   -4.085236077003756016701175e-01
5.481341600875063724274128e-01   -9.091714092805848190792517e-01   -5.438757787895742712436231e-01
4.275828421011486080161035e-01   -1.015172805993432625371042e+00   -1.093503316209420428428700e-01
-1.820298140086372695733985e-01   -7.750840431661736307233923e-01   -9.375134938804030593217931e-01
-5.014307421405942433167979e-01   -9.464831569681331213672593e-01   3.575808365864590609994877e-01
-2.912285198882354486649149e-01   3.595104014312431317534902e-01   1.180955079002750374161934e-01   -7.086293434531564239264867e-01   6.666245827994424777429572e-01   -1.406368897718549004771660e-01
-4.182667268525186998751053e-01   3.872314209059026235415502e-01   2.169850860801455783022362e-01   -7.912342146231020612034968e-01   3.265548295232257869358250e-01   3.070197968543600386404080e-01
-2.927159333102011817828725e-01   1.992985569868694628592465e-01   2.729014699686790890176269e-01   6.664359067410398351771761e-02   6.788284596655650426910711e-01   9.699215991515299783998216e-01
1.001100428868599567788777e-02   2.413473465672447831886771e-02   2.281738446225288485802452e-02   1.268615104615974376045529e-01   7.614063280687696222415184e-01   8.561558518121743510675969e-01
5.296721870683469141072308e-02   9.476101402880669766215505e-02   7.951315868623240468160418e-02   4.547063110418182452221458e-01   8.489696798375666597635814e-01   5.334090299827087822137628e-01
1.231134124673499002922128e-02   2.918816359210206490271133e-02   1.285527647140217999410794e-02   5.583536288274236758510938e-01   8.494397025087102592877386e-01   4.330800638921000200731726e-01
1.440845020786319374828111e-01   6.025530456577209426072272e-01   2.640357614793042984047133e-02   7.303063822352823253325482e-01   8.593662283892585795896935e-01   -7.317994617306624594021969e-01
-1.555709075907107663550022e-01   2.493403177006823678851788e+00   -2.754809801818247638749426e-01   -9.344834917152688991137666e-01   7.359547414751513860764476e-01   -9.086600271326770172919396e-01
1.026683129848299014241775e+00   2.973194645239595756969209e-01   4.971304910709761076814672e-02   7.303063822352823253325482e-01   8.593662283892585795896935e-01   -7.317994617306624594021969e-01
1.125612874108186112209751e-01   1.874478143581412015183929e-01   1.651950944984309499474762e-01   1.268615104615974376045529e-01   7.614063280687696222415184e-01   8.561558518121743510675969e-01
4.339158723288753100044701e-02   7.004942561967737735262318e-02   7.381381097892936171689371e-02   6.664359067410398351771761e-02   6.788284596655650426910711e-01   9.699215991515299783998216e-01
3.636541778052472528859340e-02   -3.339590506320641583037911e-03   1.443326175884960260731305e-01   5.416619589979118076783493e-01   3.125448779028584533890012e-01   8.417629133405921670885164e-01
9.128508162278906046260829e-02   -3.967778200268641530801261e-02   2.971497682375598414772355e-01   7.321094972463834116283010e-01   -8.356797800332679271306802e-01   6.299369808658663583145199e-01
1.455919091336390358559782e-01   -2.569939756100037692165827e-02   1.652973276401391578005473e-01   8.569297920944772828377722e-01   -9.809842681190856783501886e-01   4.974057225265567372396447e-01
2.050976262451603915337728e+00   7.273237783123376321015030e-02   1.872867365308510112509310e-01   9.268506253496048286066866e-01   1.784602508081404026452077e-01   -7.185646675846375508456276e-01
-1.452804245731236509886486e-01   -2.154429649074761643490206e-01   1.929985360209813746723562e-03   -8.480645360881763350491269e-01   -8.206580339794317113799593e-01   -8.995770923092853976754668e-01
-2.120784577969827000565317e-01   -5.022497104956999969260778e-01   -5.489466714435033839469824e-03   -5.207094817285935484107995e-01   -9.642594124722571047314545e-01   -4.079454212253658673681400e-01
3.887162359378840831292123e-02   -1.648885496728533239796377e-01   2.173903287469364231654367e-01   7.321094972463834116283010e-01   -8.356797800332679271306802e-01   6.299369808658663583145199e-01
2.553847433325763249811757e-01   -2.654530966027887073366287e-01   1.668526523592195776046765e+00   5.416619589979118076783493e-01   3.125448779028584533890012e-01   8.417629133405921670885164e-01
1.547897794073399557746029e-01   -1.609078087661916789397054e-01   1.033608265702430362154018e+00   6.664359067410398351771761e-02   6.788284596655650426910711e-01   9.699215991515299783998216e-01
-9.996162359600959668171072e-01   4.046639857835433451427321e-01   1.078585288058307556369186e+00   -7.912342146231020612034968e-01   3.265548295232257869358250e-01   3.070197968543600386404080e-01
-3.046748434680864869861239e-01   9.687958103459307079852181e-02   2.680747156348427528982370e-01   -9.910492579643843669146008e-01   3.512139259144717029492710e-02   1.852452844545456334124367e-01
-6.360250379126635156268321e-01   -9.353728596751448298718401e-02   1.388342548808242093993925e-01   -8.948283678595109202902336e-01   -7.803786147992958222019411e-01   7.662106823484454709571878e-02
-4.041442239676345526966372e-01   2.254670058495677198440177e-01   1.235518903115540439996423e-01   -9.344834917152688991137666e-01   7.359547414751513860764476e-01   -9.086600271326770172919396e-01
-1.696421359524327154844059e+00   -9.504793775037295722185604e-02   -1.486162804759183220237873e-01   -8.480645360881763350491269e-01   -8.206580339794317113799593e-01   -8.995770923092853976754668e-01
-7.917142868003406164234548e-01   -8.885097135270515755767207e-02   -3.426018358872282010274546e-02   -8.948283678595109202902336e-01   -7.803786147992958222019411e-01   7.662106823484454709571878e-02
4.130005652145486011450615e-02   1.125369575398680460631695e-01   -1.302777205269214366722963e+00   1.242791112858238206095862e-01   -6.409766191574636229333350e-01   -9.940381794907331425292796e-01
-1.454073005101679805228798e-01   -1.699496247665738257737189e-02   -1.529090423848987967403446e+00   -8.480645360881763350491269e-01   -8.206580339794317113799593e-01   -8.995770923092853976754668e-01
4.567028733234398951701394e-01   -1.227941737150745477036295e-01   -9.082456868645935599282382e-02   8.199622165271837070932293e-01   -2.950268276245457954587437e-01   -6.158918857415633940632915e-01
8.680496368874100754364775e-02   -3.031548114042519753708049e-02   -4.943417387522483497086512e-02   7.590466839769142159966009e-01   -1.023824000043712934004958e-01   -8.409968734676935842031753e-01
1.305205468696173098930302e-01   -6.077620576171972183177061e-02   -3.274703995918252785735092e-01   3.532121961485651384649032e-01   -9.626193310658537338753149e-01   -8.430972238039118327179722e-01
3.535380774892574184953276e-02   -2.300600522337753472967847e-02   -1.892113872753509173918474e-02   3.532121961485651384649032e-01   -9.626193310658537338753149e-01   -8.430972238039118327179722e-01
2.456363664221187792513490e-01   -1.210477054682782688255216e-01   -1.489412114717723334411659e-01   8.199622165271837070932293e-01   -2.950268276245457954587437e-01   -6.158918857415633940632915e-01
1.940482445964815116923319e-01   -9.122742344216798471290275e-02   -1.305835433912386767119074e-01   8.199622165271837070932293e-01   -2.950268276245457954587437e-01   -6.158918857415633940632915e-01
-2.166533471162682827904078e-02   -6.735998357988891571679346e-01   -4.604959490059398058425799e-02   4.275828421011486080161035e-01   -1.015172805993432625371042e+00   -1.093503316209420428428700e-01
-6.168208274137326058150776e-02   -5.720967168789806711615142e-01   -1.260332465758702003011393e-01   3.532121961485651384649032e-01   -9.626193310658537338753149e-01   -8.430972238039118327179722e-01
-2.811487765429322889521035e-03   -8.318967003523841663437111e-02   -1.492981278101438991079419e-01   -8.480645360881763350491269e-01   -8.206580339794317113799593e-01   -8.995770923092853976754668e-01
2.061549575096731715118104e-03   -5.917493256701857745616380e-02   -1.292236596947645699273721e-01   3.532121961485651384649032e-01   -9.626193310658537338753149e-01   -8.430972238039118327179722e-01
-2.511497588135084592375623e-03   -2.602714487632136475259159e-02   -7.536048073105534872428990e-02   1.242791112858238206095862e-01   -6.409766191574636229333350e-01   -9.940381794907331425292796e-01
3.830245604659545111125851e-01   -1.265319213860351954537009e-01   -9.068105560293471256727571e-02   8.199622165271837070932293e-01   -2.950268276245457954587437e-01   -6.158918857415633940632915e-01
1.579253152748222310819415e-01   -1.300764587382210180077635e-01   -5.580413157856282946323034e-02   7.131929052356597020789764e-01   -7.668417042665377492127732e-01   -4.085236077003756016701175e-01
7.714227963105882435179694e-02   -1.105703600265880437447663e-01   -3.050238826801180899717103e-02   5.481341600875063724274128e-01   -9.091714092805848190792517e-01   -5.438757787895742712436231e-01
5.697287249237910355947889e-02   -2.699071505432516504541240e-01   -2.510629781759641382388182e-02   3.532121961485651384649032e-01   -9.626193310658537338753149e-01   -8.430972238039118327179722e-01
1.487168037093788697244889e-01   9.063823152828880125309041e-02   -9.358116169161219133343366e-01   1.242791112858238206095862e-01   -6.409766191574636229333350e-01   -9.940381794907331425292796e-01
3.520116211623031815536322e-03   1.171450093934057745670430e-01   -1.148774661658693990728963e-01   -9.344834917152688991137666e-01   7.359547414751513860764476e-01   -9.086600271326770172919396e-01
1.278254092334888958326644e-01   8.278326694051896250670097e-02   -6.954647678395103893578266e-01   1.083697432691090034584391e-02   7.370275123915762671700236e-01   -8.785992347768505350558144e-01
8.708171550514252901020740e-02   2.184249461714295875713887e-02   -1.694567129805016059140854e-01   7.590466839769142159966009e-01   -1.023824000043712934004958e-01   -8.409968734676935842031753e-01
-2.301453297166830835873697e-01   1.645475719890313603954723e-01   8.253317330150547470601907e-02   -9.344834917152688991137666e-01   7.359547414751513860764476e-01   -9.086600271326770172919396e-01
-4.428344221985134471220036e-02   -7.201861369983227900704037e-01   1.783863269623305394806501e-02   4.275828421011486080161035e-01   -1.015172805993432625371042e+00   -1.093503316209420428428700e-01
-2.877948434500928603929637e-02   -1.695540026619816731390245e-01   4.661979155923231046831923e-03   -5.207094817285935484107995e-01   -9.642594124722571047314545e-01   -4.079454212253658673681400e-01
-2.350166441104450248955615e-02   -6.858147236918165079444520e-01   5.909079316029821477007644e-02   -7.107453837807967689244038e-01   -8.976652038505604780382896e-01   8.409188836305023784234436e-01
-2.571416647439551256271173e-02   -7.641600895506144297542050e-01   6.125330741575619325489654e-02   8.569297920944772828377722e-01   -9.809842681190856783501886e-01   4.974057225265567372396447e-01
4.826236704749166661621018e-01   3.193075472113244828165080e-01   7.396308522390344919461569e-02   7.303063822352823253325482e-01   8.593662283892585795896935e-01   -7.317994617306624594021969e-01
4.170270824884186183778567e-02   5.870494808010052328883788e-02   4.335703516535324014702368e-02   7.806171318193045882694037e-01   4.321344870525106740544174e-01   7.843238915476593575704101e-01

