1.205101455717682049865319e-04
8   12
4.055977474482028721780580e-01   -1.171065207984974154697966e+00   4.174144757082970391692811e-01
3.664796737175616270221212e-01   6.926349937125637623580587e-01   3.384278382007916974316686e-01
-4.727961988575085650055030e-01   -2.418038134689566853730014e-01   7.421776401187889504740269e-01
1.244873620023273064205682e+00   -2.366264008034534849223007e-01   1.366467379029961959346906e-02
7.304673000687804673702885e-01   -2.988449952717836533011564e-01   -1.199631976537044009134547e+00
-1.479266462369309975688481e-01   6.304163992442336494903543e-01   -8.748688121265519868074989e-01
-1.088085725062897246573357e-01   -1.233283802453304156543368e+00   -7.958821746190466450698864e-01
-9.872025188120012728631991e-01   -3.040224079372868537518571e-01   -4.711190102085546227428381e-01
6.786604079341200801422929e-01   8.208549363604232540492234e-02   1.600712059154134614402665e+00   4.055977474482028721780580e-01   -1.171065207984974154697966e+00   4.174144757082970391692811e-01
6.786604079341203021868978e-01   8.208549363604232540492234e-02   1.600712059154134614402665e+00   1.244873620023273064205682e+00   -2.366264008034534849223007e-01   1.366467379029961959346906e-02
1.107263429620091832461526e+00   1.232812656981713494985797e+00   -5.326703709573956668776873e-01   7.304673000687804673702885e-01   -2.988449952717836533011564e-01   -1.199631976537044009134547e+00
1.107263429620091832461526e+00   1.232812656981713272941192e+00   -5.326703709573956668776873e-01   -1.479266462369309975688481e-01   6.304163992442336494903543e-01   -8.748688121265519868074989e-01
-1.158872219881421639087193e+00   1.225982054682883681806516e+00   4.284626628621093780147078e-01   -4.727961988575085650055030e-01   -2.418038134689566853730014e-01   7.421776401187889504740269e-01
1.158872219881421861131798e+00   -1.225982054682883681806516e+00   -4.284626628621094335258590e-01   7.304673000687804673702885e-01   -2.988449952717836533011564e-01   -1.199631976537044009134547e+00
1.158872219881421861131798e+00   -1.225982054682883459761911e+00   -4.284626628621095445481615e-01   7.304673000687804673702885e-01   -2.988449952717836533011564e-01   -1.199631976537044009134547e+00
-1.107263429620092054506131e+00   -1.232812656981713272941192e+00   5.326703709573958889222922e-01   -9.872025188120012728631991e-01   -3.040224079372868537518571e-01   -4.711190102085546227428381e-01
-1.107263429620092054506131e+00   -1.232812656981713494985797e+00   5.326703709573954448330824e-01   -1.088085725062897246573357e-01   -1.233283802453304156543368e+00   -7.958821746190466450698864e-01
-1.158872219881422083176403e+00   1.225982054682883681806516e+00   4.284626628621095445481615e-01   -9.872025188120012728631991e-01   -3.040224079372868537518571e-01   -4.711190102085546227428381e-01
-6.786604079341201911645953e-01   -8.208549363604228377155891e-02   -1.600712059154134614402665e+00   -9.872025188120012728631991e-01   -3.040224079372868537518571e-01   -4.711190102085546227428381e-01
-6.786604079341201911645953e-01   -8.208549363604233928271015e-02   -1.600712059154134614402665e+00   -1.088085725062897246573357e-01   -1.233283802453304156543368e+00   -7.958821746190466450698864e-01
8   12
-1.396627765228333206692923e-01   -1.031076363726175781909689e-01   -3.181396660641334084296261e-01
4.664845899137031182135615e-01   2.856200509435551371240081e-01   1.586888847877312436196462e-01
3.130728583011382348821883e-01   2.904908066950350198354158e-01   -4.323997482935122427250008e-01
1.374895508973158347876264e-02   -1.079783921240974609023766e-01   2.729489670171100779150208e-01
3.938015059034038478635864e-01   -5.748843753465641137623265e-01   1.704622982894565541567289e-01
8.465371407273754034150670e-01   -1.812859322789115157359419e-01   5.620221606007769210577862e-02
6.931254091148104645725425e-01   -1.764151765274316607801097e-01   -5.348864170211657942388683e-01
2.403897742908389645322131e-01   -5.700136195950842310509188e-01   -4.206263347917869044323425e-01
-2.320950327430810755657831e-01   2.851357246042733883939491e-01   6.258778340823686892058220e-02   -1.396627765228333206692923e-01   -1.031076363726175781909689e-01   -3.181396660641334084296261e-01
-2.320950327430810755657831e-01   2.851357246042733883939491e-01   6.258778340823686892058220e-02   1.374895508973158347876264e-02   -1.079783921240974609023766e-01   2.729489670171100779150208e-01
9.368730928278272418463501e-02   -2.974531319952918202720316e-03   3.609730690014854026514968e-01   3.938015059034038478635864e-01   -5.748843753465641137623265e-01   1.704622982894565541567289e-01
9.368730928278273806242282e-02   -2.974531319952919937443792e-03   3.609730690014854026514968e-01   8.465371407273754034150670e-01   -1.812859322789115157359419e-01   5.620221606007769210577862e-02
2.764820069315770956208667e-01   2.403674000762059947966520e-01   -6.977771223868550753977047e-02   6.931254091148104645725425e-01   -1.764151765274316607801097e-01   -5.348864170211657942388683e-01
2.764820069315770401097154e-01   2.403674000762059947966520e-01   -6.977771223868547978419485e-02   3.130728583011382348821883e-01   2.904908066950350198354158e-01   -4.323997482935122427250008e-01
-2.764820069315770956208667e-01   -2.403674000762060225522276e-01   6.977771223868550753977047e-02   3.938015059034038478635864e-01   -5.748843753465641137623265e-01   1.704622982894565541567289e-01
2.320950327430810755657831e-01   -2.851357246042733883939491e-01   -6.258778340823686892058220e-02   2.403897742908389645322131e-01   -5.700136195950842310509188e-01   -4.206263347917869044323425e-01
2.320950327430810755657831e-01   -2.851357246042733883939491e-01   -6.258778340823688279837000e-02   6.931254091148104645725425e-01   -1.764151765274316607801097e-01   -5.348864170211657942388683e-01
-2.764820069315770401097154e-01   -2.403674000762060503078033e-01   6.977771223868547978419485e-02   2.403897742908389645322131e-01   -5.700136195950842310509188e-01   -4.206263347917869044323425e-01
-9.368730928278271030684721e-02   2.974531319952906927017722e-03   -3.609730690014854026514968e-01   2.403897742908389645322131e-01   -5.700136195950842310509188e-01   -4.206263347917869044323425e-01
-9.368730928278276581799844e-02   2.974531319952909529102936e-03   -3.609730690014853471403455e-01   6.931254091148104645725425e-01   -1.764151765274316607801097e-01   -5.348864170211657942388683e-01

