9.999999999999999547481118e-07
23   42
-2.596164414238261164413757e-01   8.264689897543140428837205e-01   9.643108007564724637461495e-01
4.085602229268104901294123e-01   8.716667309038652611263842e-01   6.027463012620555282694568e-01
-7.362020040099515050258105e-02   8.652918604739439079054364e-01   -5.397010144263976183509612e-01
7.030783389942153460694385e-01   8.376434757782349471710859e-01   7.738974047936020284055303e-01
7.749498627730412314562614e-01   7.823436265030614400473041e-01   -6.506693630482394130609691e-01
-7.330874014567059226976653e-01   -7.999562828568538286333478e-01   -3.652459751419936950789236e-01
-5.098962900274883747187005e-02   -7.826946491993472809767241e-01   -2.489690934303072089583964e-01
-1.033560571043548037550863e-01   -9.052517528902980226135355e-01   -6.621082723895595212315612e-02
5.972193824812860318829166e-01   -3.338386370259516233716113e-01   -3.259724951702973050338130e-01
7.645977159564373293321182e-01   7.938120798411836265273678e-01   9.962589077168408635554187e-02
1.034890043821600436046992e+00   -4.030334903639897214944199e-01   7.161274524247867034887349e-01
-6.455268399303438764391672e-01   8.304012907112023889055763e-01   -9.455070168224661841804846e-01
-6.024123071936947626525694e-01   -5.436470044281552782550193e-01   -5.752034240053982561136081e-01
-9.278867605039322619120412e-01   -7.927837895894347397529600e-01   1.828483703699189111269163e-01
-8.977726592439099206899300e-01   -6.650839123945142539184872e-01   4.346843853987215067213867e-01
2.146710743031795542989926e-01   1.767458135386676676414908e-01   -9.331118556126541951911690e-01
-4.111813525022851578683003e-01   -5.249915059073788636823110e-01   9.677602146834880514347788e-01
1.626378780755389774625996e-01   -3.451831844147216221685426e-01   1.006219541773302195153406e+00
6.208911743810824335199072e-01   -4.820321771465391202937667e-01   9.851986981160931744483378e-01
-6.415917235853111355581291e-01   -1.032098298325249130513726e+00   2.390004753782419555374616e-02
7.341957587209509972225874e-01   -1.718831769758291383443094e-01   -3.405554327604152775599289e-01
1.423098247928124004957340e-01   1.225292799633653784141529e-03   -9.065039165581129099180657e-01
-3.408773079704852104754309e-02   -7.124915059946903550525121e-01   -3.447412527607480181579547e-01
-5.394096488782260112593292e-02   9.376959600195734489957999e-01   1.753392630141882915784102e-02   -2.596164414238261164413757e-01   8.264689897543140428837205e-01   9.643108007564724637461495e-01
4.565957935790499605532844e-03   2.208464686855890479755260e-01   3.604509869406240935019170e-02   7.030783389942153460694385e-01   8.376434757782349471710859e-01   7.738974047936020284055303e-01
5.793302881435168083523735e-02   4.318616112842511012281932e-01   -1.384150423754074848980977e-02   7.749498627730412314562614e-01   7.823436265030614400473041e-01   -6.506693630482394130609691e-01
9.405657839684584964334846e-02   1.022953356161226290410582e+00   -4.540553877381863639994819e-02   -7.362020040099515050258105e-02   8.652918604739439079054364e-01   -5.397010144263976183509612e-01
1.740526408767574528813071e-02   -1.307480112327020216334006e-01   -8.269199732816406855917535e-02   -7.330874014567059226976653e-01   -7.999562828568538286333478e-01   -3.652459751419936950789236e-01
7.259483266276994806176504e-02   -1.144331619676356437409481e-01   -5.593763294440585315259185e-02   -1.033560571043548037550863e-01   -9.052517528902980226135355e-01   -6.621082723895595212315612e-02
2.515363694408611835995337e-02   3.917753884530519870033061e-02   -2.517830581645407817328874e-04   7.030783389942153460694385e-01   8.376434757782349471710859e-01   7.738974047936020284055303e-01
8.340209987172956251910705e-01   2.201772091072879411477459e-01   6.178190375761233310569764e-02   1.034890043821600436046992e+00   -4.030334903639897214944199e-01   7.161274524247867034887349e-01
9.050578702730397440134880e-01   2.091811654200690373528460e-01   9.290086109791921564760031e-03   7.749498627730412314562614e-01   7.823436265030614400473041e-01   -6.506693630482394130609691e-01
-1.935794279880727053466671e-01   -5.744167419962664666854835e-02   -1.906045452647863736039824e-01   -7.330874014567059226976653e-01   -7.999562828568538286333478e-01   -3.652459751419936950789236e-01
-8.977516856499723196805007e-01   -6.504303033698499714176933e-02   -3.182206378868878138277410e-01   -9.278867605039322619120412e-01   -7.927837895894347397529600e-01   1.828483703699189111269163e-01
-5.528673066538138947123571e-01   1.050878055883048833862858e-01   1.282343268991614770868637e-02   -8.977726592439099206899300e-01   -6.650839123945142539184872e-01   4.346843853987215067213867e-01
-2.850676958845312469748023e+00   1.014373774181294152185728e+00   5.781151971677855883058328e-01   -2.596164414238261164413757e-01   8.264689897543140428837205e-01   9.643108007564724637461495e-01
-6.823038312989782028239460e-02   9.356327340638417311424746e-01   1.571354270713109374524308e-02   -7.362020040099515050258105e-02   8.652918604739439079054364e-01   -5.397010144263976183509612e-01
2.978914232449099419586247e-02   4.078183604440738796448329e-01   -7.704573873292924757194555e-02   7.749498627730412314562614e-01   7.823436265030614400473041e-01   -6.506693630482394130609691e-01
1.921265647709958501732075e-01   2.360116970893049448410039e-01   -8.871632744032720285787263e-01   2.146710743031795542989926e-01   1.767458135386676676414908e-01   -9.331118556126541951911690e-01
-7.209141611684645178925734e-01   8.247404549386073979722056e-02   6.363758354617170542866234e-01   -4.111813525022851578683003e-01   -5.249915059073788636823110e-01   9.677602146834880514347788e-01
-5.259649457996546512150715e-02   7.808424536049567155071571e-03   7.482413895187158825450524e-01   1.626378780755389774625996e-01   -3.451831844147216221685426e-01   1.006219541773302195153406e+00
3.036428616864809276743031e-02   2.808096074875489345235025e-02   4.791283926363700818029656e-01   6.208911743810824335199072e-01   -4.820321771465391202937667e-01   9.851986981160931744483378e-01
-3.997033091260598913763147e-02   -7.688598710898587873519006e-02   4.376658240508596309226164e-02   -6.415917235853111355581291e-01   -1.032098298325249130513726e+00   2.390004753782419555374616e-02
-1.380987317013082638084143e-01   -3.364479524718820835360589e-01   2.144750134155503640265295e-01   -4.111813525022851578683003e-01   -5.249915059073788636823110e-01   9.677602146834880514347788e-01
-1.483397559022243223855742e-03   -2.968627774607682581753387e-02   1.609243397418988197333789e-01   -4.111813525022851578683003e-01   -5.249915059073788636823110e-01   9.677602146834880514347788e-01
3.170442582653117125079945e-02   -9.701141402917511369352610e-01   5.134727137691678100495096e-01   -6.415917235853111355581291e-01   -1.032098298325249130513726e+00   2.390004753782419555374616e-02
1.715043523216174259360400e-01   -6.311686582077145057922962e-01   1.359236110634745586800420e-01   -1.033560571043548037550863e-01   -9.052517528902980226135355e-01   -6.621082723895595212315612e-02
1.969361902200318925615363e-01   -6.301564595802484625153284e-01   1.179978456897652627777262e-01   1.034890043821600436046992e+00   -4.030334903639897214944199e-01   7.161274524247867034887349e-01
-1.300268732616803313284493e-01   -1.259536594738968340312368e-01   -4.456486368764417393961708e-02   -7.330874014567059226976653e-01   -7.999562828568538286333478e-01   -3.652459751419936950789236e-01
2.844330856038410418329399e-02   -2.176970244467709980629166e-01   -1.365530230740797379418439e-01   -1.033560571043548037550863e-01   -9.052517528902980226135355e-01   -6.621082723895595212315612e-02
5.774954075820257770601529e-01   -8.437596898729726735410850e-01   -2.985669711132381554108406e-01   5.972193824812860318829166e-01   -3.338386370259516233716113e-01   -3.259724951702973050338130e-01
4.573185147984505372065200e-01   -1.852609478799911446600390e-01   -5.099524410953524267142711e-01   7.749498627730412314562614e-01   7.823436265030614400473041e-01   -6.506693630482394130609691e-01
1.677647122031843684997199e-01   -1.491255984404708245794069e-01   -8.036121357249152719059992e-02   5.972193824812860318829166e-01   -3.338386370259516233716113e-01   -3.259724951702973050338130e-01
9.366321996490620804820537e-01   -1.363136508205505526003520e-01   -2.963508704194572351831027e-01   1.034890043821600436046992e+00   -4.030334903639897214944199e-01   7.161274524247867034887349e-01
2.489227392938559435542345e-01   1.877691150585976964659807e-01   1.269526463593135590102179e+00   6.208911743810824335199072e-01   -4.820321771465391202937667e-01   9.851986981160931744483378e-01
3.383942471530260731604756e-01   6.536429378453847971464086e-02   5.398515502642151631107481e-01   1.034890043821600436046992e+00   -4.030334903639897214944199e-01   7.161274524247867034887349e-01
-1.521681994908342938632728e-02   -2.378502302979355192968924e-02   -1.982817129223988228403641e-01   2.146710743031795542989926e-01   1.767458135386676676414908e-01   -9.331118556126541951911690e-01
-2.534547076809474663861010e-01   -2.900571470568222842700834e-01   -1.046776090304728512592192e+00   -6.455268399303438764391672e-01   8.304012907112023889055763e-01   -9.455070168224661841804846e-01
8.913401704706899741914583e-02   -8.615300808388415276795058e-02   -1.195709296127645815399632e-01   5.972193824812860318829166e-01   -3.338386370259516233716113e-01   -3.259724951702973050338130e-01
9.472951297402820713955407e-02   -5.670160430329934664328562e-02   -1.164144725149564713051475e-01   7.341957587209509972225874e-01   -1.718831769758291383443094e-01   -3.405554327604152775599289e-01
2.361943201330464134346521e-02   -1.494396441380678175470109e-01   -1.677306332475182737429265e-01   -6.024123071936947626525694e-01   -5.436470044281552782550193e-01   -5.752034240053982561136081e-01
9.816186507146896708664308e-03   -6.729127656076631935899712e-02   -4.759365322421937882779730e-02   -7.330874014567059226976653e-01   -7.999562828568538286333478e-01   -3.652459751419936950789236e-01
3.758202867469847413550710e-02   -6.077887306957456547973351e-02   -3.791979143299149118684355e-02   -5.098962900274883747187005e-02   -7.826946491993472809767241e-01   -2.489690934303072089583964e-01
2.261086219111964057404407e-01   -3.579555285898762262419837e-01   -3.837810514419252028162077e-01   5.972193824812860318829166e-01   -3.338386370259516233716113e-01   -3.259724951702973050338130e-01
6.963418613636598863969596e-02   -3.599164916015772930357741e-01   -4.354065546930798169533716e-01   1.423098247928124004957340e-01   1.225292799633653784141529e-03   -9.065039165581129099180657e-01
37   70
9.035265926986592033287593e-01   -6.285565136366322303018705e-01   -6.493246908762141389459543e-01
6.730139335258927824057196e-01   -8.548192303184509732716378e-01   5.531960377950202456531770e-01
5.183128942587938992048180e-01   -9.151861924515972690485910e-01   -3.433653399550189166955505e-02
6.621835488417108228631491e-01   -8.810946173645065604418392e-01   9.427659547388396177325376e-01
-8.950188776687807434839783e-01   -7.822769791969457209290795e-01   -2.291893630657295122254880e-01
-6.427377537790396333505782e-01   -6.934277643186169681754905e-01   -9.404349029950960225932022e-01
-2.936055296303730077767113e-01   -8.281364976792300325314500e-01   -9.901164948195760873161930e-01
-9.727006873687266130801277e-01   -3.804526061892754551507778e-01   -7.669522231523655531049144e-01
8.251144836075204880287970e-01   -5.008740084017040405939269e-01   -6.894592074395432534927863e-01
8.588563209906482365241231e-01   5.981868898254758537547104e-01   -7.729427032279514442336676e-01
4.479504362204812517589403e-01   5.029815576285969758174588e-01   -8.889609361714501112317066e-01
-7.762911432777952480677186e-02   -9.125245069910420392389483e-01   7.006110015560924608735149e-01
1.447340681425923758496310e-02   -9.454516727456132585416526e-01   -7.062638355215377083951012e-01
-7.625810002501033357802385e-01   -8.988712034881446433232099e-01   1.716829747528222926966635e-01
-6.550238068238942723553464e-01   8.148787108086414932017760e-01   -8.335074391604900823082858e-01
9.050337119749903846965822e-01   7.015971636639894981612997e-01   -7.564702993288963117635149e-01
2.135390996530361906735607e-02   6.951647868590264955912517e-01   -8.654272603408560415871875e-01
-7.009538059360133077646537e-01   8.693836334251721087440501e-01   -7.692730231300335397293111e-01
2.090288338526286038288049e-01   9.476105611294556307910852e-01   -9.299097237782036340369984e-03
5.913754687837210477496797e-01   1.047503848000198578560571e+00   8.971733393367256059747206e-01
9.434418731338539698683121e-01   2.275617606833398032240012e-01   1.305118048938511132739393e-01
-3.745594964942706717181409e-01   5.785424207935772056288215e-01   -9.375337223464313973764206e-01
-4.371976272376287830923047e-03   3.201947901724813139168191e-01   -9.861615711060173206092827e-01
-5.734183565356854028749467e-01   3.576817047352351952582694e-01   -9.435885149024373363957352e-01
-5.613743141812151948855103e-01   7.819015563148545844285309e-01   9.194569837625403696534931e-01
-6.552522667708119419316404e-01   9.751523829648049979113011e-01   8.861004894767425810186978e-01
-9.680749450428760560782848e-01   -6.356013356175280737403455e-01   9.483522762071119327487168e-01
-2.768373423380950937300327e-01   9.947873236354380921397933e-01   8.905483408088554764248101e-01
-9.008613771064493125351191e-01   1.022834971907006007540986e+00   2.873728410514876929759964e-01
-1.039441821439863078424537e+00   -9.869293977911250403955989e-02   7.677611324553197391651338e-01
8.879937377469585557676623e-01   3.107503131314881539282169e-01   2.805128009200620886609556e-01
-5.573070915915571132970285e-01   -8.602883792995886791388216e-01   6.332091118130875884162378e-01
-3.587060896254639086322413e-01   1.026751664828859045286436e+00   1.152307786351213919617820e-01
-2.105546387660105489558759e-01   1.008186259660025285711527e+00   8.646610604434563918108125e-02
-9.749992082477543231533446e-01   9.883069799925698895037840e-01   -2.458726487801747573325173e-02
4.376371143793859053161555e-01   -8.330186256594112048645684e-01   9.559585422770859874930238e-01
-6.352276588721329497744250e-01   -4.712626639386930937902775e-01   -1.011592817614596739872468e+00
2.055292391243991323435125e-01   -3.214649019397165519151827e-01   -2.108772845058126677031396e-02   9.035265926986592033287593e-01   -6.285565136366322303018705e-01   -6.493246908762141389459543e-01
5.654845016847758615297082e-02   -7.677703540622130007342605e-02   -3.606297077427761746393209e-03   6.621835488417108228631491e-01   -8.810946173645065604418392e-01   9.427659547388396177325376e-01
3.895479815032090037396628e-02   -6.663007478538435224280079e-02   -3.411032261052646553239898e-03   5.183128942587938992048180e-01   -9.151861924515972690485910e-01   -3.433653399550189166955505e-02
-1.002251562197809392484871e-01   -2.357850094492477677210474e-01   -6.500459465431264460821836e-02   -8.950188776687807434839783e-01   -7.822769791969457209290795e-01   -2.291893630657295122254880e-01
-2.380159852271974130211163e-01   -1.909182594115464426387518e-01   -1.082746722308335352025210e-01   -9.727006873687266130801277e-01   -3.804526061892754551507778e-01   -7.669522231523655531049144e-01
3.345089593597258548207662e-02   -7.900329310400581311890633e-03   -9.048792537790183165835600e-02   9.035265926986592033287593e-01   -6.285565136366322303018705e-01   -6.493246908762141389459543e-01
1.354591772591039744444430e-01   -3.821852805009974540784157e-02   -4.483981879653400892671300e-01   8.588563209906482365241231e-01   5.981868898254758537547104e-01   -7.729427032279514442336676e-01
2.045508102535042657676989e-02   -7.707252953065211187322348e-01   1.937753335543796265327821e-02   -7.762911432777952480677186e-02   -9.125245069910420392389483e-01   7.006110015560924608735149e-01
-3.662458995199977668244529e-02   -1.012357177684249931459703e+00   2.129602060713623248866533e-02   -7.625810002501033357802385e-01   -8.988712034881446433232099e-01   1.716829747528222926966635e-01
1.283834502698776025564342e-02   1.019029617784093927346234e-01   -1.101394929504671549302941e-01   -6.550238068238942723553464e-01   8.148787108086414932017760e-01   -8.335074391604900823082858e-01
1.147547737298321851584504e-02   1.037476994580346228991274e-01   -7.982779297969663789835693e-02   -7.009538059360133077646537e-01   8.693836334251721087440501e-01   -7.692730231300335397293111e-01
1.285148598852169643524945e-01   1.208858382519734320226235e+00   -2.783142441317039139647704e-01   2.090288338526286038288049e-01   9.476105611294556307910852e-01   -9.299097237782036340369984e-03
1.483669765984483301934915e-01   9.165876325762771781313631e-01   -1.635886096225998842523808e-01   5.913754687837210477496797e-01   1.047503848000198578560571e+00   8.971733393367256059747206e-01
1.090698667378490416268733e+00   3.417226599258010866222435e-01   1.353994720314627142609964e-01   9.434418731338539698683121e-01   2.275617606833398032240012e-01   1.305118048938511132739393e-01
1.042921655365695518535851e-02   1.411188394488375845436945e-03   -3.809555621729024399435559e-02   4.479504362204812517589403e-01   5.029815576285969758174588e-01   -8.889609361714501112317066e-01
2.078832314386419924390204e-02   6.727689507756234865709644e-02   -1.725724675564898058510721e-01   2.135390996530361906735607e-02   6.951647868590264955912517e-01   -8.654272603408560415871875e-01
-9.175740186672521128685709e-03   1.191148721236340302098711e-02   -1.331345961117811615981310e-01   -3.745594964942706717181409e-01   5.785424207935772056288215e-01   -9.375337223464313973764206e-01
1.622302644710196459221230e-02   5.797792787569479300291420e-02   -1.845218037183032622206014e-01   4.479504362204812517589403e-01   5.029815576285969758174588e-01   -8.889609361714501112317066e-01
-4.169888796363883931572758e-02   1.627873816354136887740722e-02   2.116675023975168046241890e-01   -5.613743141812151948855103e-01   7.819015563148545844285309e-01   9.194569837625403696534931e-01
-1.514503733028851537034676e-03   1.220504008801885122148523e-02   7.497228499267828694119231e-02   -2.768373423380950937300327e-01   9.947873236354380921397933e-01   8.905483408088554764248101e-01
-1.043938100824002906605315e-04   1.354683191214816305458779e-03   2.901412547985877943279576e-03   5.913754687837210477496797e-01   1.047503848000198578560571e+00   8.971733393367256059747206e-01
-4.384680466905552242984356e-02   7.436708997672755172558823e-01   7.721261683721664104140814e-02   -9.008613771064493125351191e-01   1.022834971907006007540986e+00   2.873728410514876929759964e-01
-6.485836117754614216224240e-01   2.009596844208238475282258e-01   2.820653469683905845144523e-01   -1.039441821439863078424537e+00   -9.869293977911250403955989e-02   7.677611324553197391651338e-01
-2.574643493897581514318063e-01   6.093572082972883996454527e-02   2.829115839129833220866317e-01   -9.680749450428760560782848e-01   -6.356013356175280737403455e-01   9.483522762071119327487168e-01
2.338698079035942400949466e-01   2.848949284688040428648037e-03   8.487040180939731115472568e-02   8.879937377469585557676623e-01   3.107503131314881539282169e-01   2.805128009200620886609556e-01
1.222881088602767007955663e+00   5.718815143089188424152525e-02   5.198894350416445320206549e-01   5.913754687837210477496797e-01   1.047503848000198578560571e+00   8.971733393367256059747206e-01
-5.927183668095239305051436e-02   -3.989080006251614629597668e-01   2.328578830849647174350281e-01   -7.762911432777952480677186e-02   -9.125245069910420392389483e-01   7.006110015560924608735149e-01
-3.160618992131490612162992e-02   -1.788537652133283251121298e-01   8.632050458636156275993301e-02   -5.573070915915571132970285e-01   -8.602883792995886791388216e-01   6.332091118130875884162378e-01
-2.670889349035400830989495e-02   -2.075480745209140331919428e-01   2.923004516830203167176983e-02   -7.625810002501033357802385e-01   -8.988712034881446433232099e-01   1.716829747528222926966635e-01
5.921466651336032560593026e-02   1.030035876217319512626602e-02   1.617636532344677441352943e-02   8.879937377469585557676623e-01   3.107503131314881539282169e-01   2.805128009200620886609556e-01
1.111309975903158886456623e-02   4.007766397673524771949616e-02   -1.258386131962009601981123e-01   2.135390996530361906735607e-02   6.951647868590264955912517e-01   -8.654272603408560415871875e-01
-5.520416444875494432764640e-01   -1.307604052735306665589121e-01   -1.796167903484855582485480e-02   -9.727006873687266130801277e-01   -3.804526061892754551507778e-01   -7.669522231523655531049144e-01
-6.634952503552208127879375e-03   5.874832927191085962803641e-01   -7.529728118111292736736040e-03   -3.587060896254639086322413e-01   1.026751664828859045286436e+00   1.152307786351213919617820e-01
3.854453379220550146566637e-02   4.060171714080577087813140e-01   -8.794556003433924573631231e-02   -2.105546387660105489558759e-01   1.008186259660025285711527e+00   8.646610604434563918108125e-02
4.534390012051170426587987e-02   4.169563559894245430292870e-01   -6.507448668827986448803813e-02   5.913754687837210477496797e-01   1.047503848000198578560571e+00   8.971733393367256059747206e-01
1.189453155356194960501348e-02   1.408851650268236888052797e-01   -2.966826969276566139388507e-02   -3.587060896254639086322413e-01   1.026751664828859045286436e+00   1.152307786351213919617820e-01
1.392015070371327954690255e-02   1.431747098188730360490695e-01   -2.071311512063860049703834e-02   5.913754687837210477496797e-01   1.047503848000198578560571e+00   8.971733393367256059747206e-01
-2.934331075723459712756291e-03   2.698391118412094002998458e-02   1.698303502843856449544546e-01   -2.768373423380950937300327e-01   9.947873236354380921397933e-01   8.905483408088554764248101e-01
-1.200157963298326135870298e-02   4.972612003317387063816568e-01   -8.382722925572998196042107e-02   -7.009538059360133077646537e-01   8.693836334251721087440501e-01   -7.692730231300335397293111e-01
-7.165571678041270618775282e-03   1.818930600685501053348503e-01   -1.842915826403956902623804e-02   -3.587060896254639086322413e-01   1.026751664828859045286436e+00   1.152307786351213919617820e-01
-3.664588091738795183616162e-01   7.884651612436696654917512e-02   7.836274247540281345791868e-02   -9.008613771064493125351191e-01   1.022834971907006007540986e+00   2.873728410514876929759964e-01
-1.891485114531351818811800e+00   4.601870851871495138318835e-02   -9.070493657640416040877085e-02   -9.749992082477543231533446e-01   9.883069799925698895037840e-01   -2.458726487801747573325173e-02
-8.748837862512488516841813e-01   -1.215805560916571048668544e-01   -1.572556794422010767453557e-02   -1.039441821439863078424537e+00   -9.869293977911250403955989e-02   7.677611324553197391651338e-01
-9.310112450881912193878520e-01   2.017300278887757258861058e-01   -3.748289236681669467365907e-01   -7.009538059360133077646537e-01   8.693836334251721087440501e-01   -7.692730231300335397293111e-01
-8.040899600852703665854193e-02   1.734890789601435667766083e-02   -7.221652011955932704001526e-02   -7.009538059360133077646537e-01   8.693836334251721087440501e-01   -7.692730231300335397293111e-01
-2.154435218383759023663693e-02   2.238470130711082278773816e-02   -1.089411136270225788358346e-01   -5.734183565356854028749467e-01   3.576817047352351952582694e-01   -9.435885149024373363957352e-01
4.909582438370930709825579e-03   6.140868927417726663708919e-02   -1.262771171174371098722133e-01   -3.745594964942706717181409e-01   5.785424207935772056288215e-01   -9.375337223464313973764206e-01
-9.153983001203269687096054e-02   -2.542707697741085626219615e-01   6.197097155357285391819033e-02   -9.680749450428760560782848e-01   -6.356013356175280737403455e-01   9.483522762071119327487168e-01
-1.960927621443255275401896e-01   -1.852372717974882232461198e-01   1.090749539942832344041612e-02   -8.950188776687807434839783e-01   -7.822769791969457209290795e-01   -2.291893630657295122254880e-01
2.629140951963661321233445e-02   6.433877910689406176558691e-02   2.126938614122074966417131e+00   -5.613743141812151948855103e-01   7.819015563148545844285309e-01   9.194569837625403696534931e-01
2.763511428033711692098251e-02   1.117180102093696600351613e-02   4.296557402376345313754769e-01   5.913754687837210477496797e-01   1.047503848000198578560571e+00   8.971733393367256059747206e-01
-2.970123664927737296842514e-03   -2.025293932308120867236134e-02   2.325165272841768493439218e-02   6.621835488417108228631491e-01   -8.810946173645065604418392e-01   9.427659547388396177325376e-01
-5.077473821620363640672036e-03   4.371193425902731438670301e-02   2.072890645858314950800150e+00   -9.680749450428760560782848e-01   -6.356013356175280737403455e-01   9.483522762071119327487168e-01
2.245477960559292066045067e-02   -6.880338027551926582958686e-01   2.069954016278473946099936e-02   -7.762911432777952480677186e-02   -9.125245069910420392389483e-01   7.006110015560924608735149e-01
2.112072185665402335175145e-01   -5.686909186507999036663819e-01   -1.327566728614068269909154e-01   1.447340681425923758496310e-02   -9.454516727456132585416526e-01   -7.062638355215377083951012e-01
1.559956325944492405710662e+00   -2.517568581978589792313983e-01   1.965380609950695689480682e-01   6.621835488417108228631491e-01   -8.810946173645065604418392e-01   9.427659547388396177325376e-01
1.129031695951256519805384e+00   -5.452053623950008955090230e-03   -5.180318469731286235013812e-02   9.434418731338539698683121e-01   2.275617606833398032240012e-01   1.305118048938511132739393e-01
3.299078533099530918804021e-02   -4.972530531218519005143275e-03   -6.126717480889857375681018e-02   9.050337119749903846965822e-01   7.015971636639894981612997e-01   -7.564702993288963117635149e-01
9.663135935395550379922724e-02   -2.348183599462817794378822e-01   -2.019281537281015226348302e-01   1.447340681425923758496310e-02   -9.454516727456132585416526e-01   -7.062638355215377083951012e-01
5.152319746628553770451120e-02   -2.132411488393509690908445e-02   -1.685023159573332263150292e-01   9.035265926986592033287593e-01   -6.285565136366322303018705e-01   -6.493246908762141389459543e-01
3.671059237639913153117277e-01   -1.097894572232800958211385e-01   -1.246464957132220829905123e+00   8.251144836075204880287970e-01   -5.008740084017040405939269e-01   -6.894592074395432534927863e-01
1.108956225732786737836477e-01   -2.632478439543619458396151e-02   -4.665479122039619674922051e-01   4.479504362204812517589403e-01   5.029815576285969758174588e-01   -8.889609361714501112317066e-01
-1.071035210541930599026372e-01   -3.418655490232005988993080e-01   -6.404778550567465089660146e-02   -8.950188776687807434839783e-01   -7.822769791969457209290795e-01   -2.291893630657295122254880e-01
-1.162184738163922481657409e-01   -4.910458794287618777829607e-01   -7.680981237292748564637890e-02   -7.625810002501033357802385e-01   -8.988712034881446433232099e-01   1.716829747528222926966635e-01
-6.015972423374642275017976e-02   1.235355623641683046887163e-02   -9.590540644522076163536184e-02   -5.734183565356854028749467e-01   3.576817047352351952582694e-01   -9.435885149024373363957352e-01
-2.984704469789148939540269e-01   5.525607059488823330495322e-02   -4.322403354720399937249908e-01   -6.550238068238942723553464e-01   8.148787108086414932017760e-01   -8.335074391604900823082858e-01
-6.081245656163083296297245e-02   -2.217660286565151933624307e-02   -7.565672140366244691200848e-02   -9.727006873687266130801277e-01   -3.804526061892754551507778e-01   -7.669522231523655531049144e-01
-2.062310838169561025279286e-02   -2.447040752715916311910149e-02   -7.857667099618199924027095e-02   -6.427377537790396333505782e-01   -6.934277643186169681754905e-01   -9.404349029950960225932022e-01
2.607334220133420907283828e-02   -4.860583695052492908539321e-03   -4.955152666641004510772461e-01   -2.936055296303730077767113e-01   -8.281364976792300325314500e-01   -9.901164948195760873161930e-01
-3.274142371152590630378754e-02   4.132901320295829378226315e-02   -4.740248324694227299858085e-01   -4.371976272376287830923047e-03   3.201947901724813139168191e-01   -9.861615711060173206092827e-01
