0 0
0.01 0.0989344
0.02 0.195223
0.03 0.286292
0.04 0.369706
0.05 0.443235
0.06 0.504912
0.07 0.553088
0.08 0.586475
0.09 0.604181
0.1 0.605731
0.11 0.591085
0.12 0.560634
0.13 0.515193
0.14 0.455976
0.15 0.384567
0.16 0.302874
0.17 0.213084
0.18 0.117595
0.19 0.0189629
0.2 -0.0801768
0.21 -0.177173
0.22 -0.269431
0.23 -0.354485
0.24 -0.430061
0.25 -0.494137
0.26 -0.545001
0.27 -0.581292
0.28 -0.60204
0.29 -0.606691
0.3 -0.595119
0.31 -0.567634
0.32 -0.524972
0.33 -0.468272
0.34 -0.399051
0.35 -0.319161
0.36 -0.230736
0.37 -0.136142
0.38 -0.0379072
0.39 0.0613409
0.4 0.158949
0.41 0.252307
0.42 0.338918
0.43 0.416467
0.44 0.482881
0.45 0.536383
0.46 0.575542
0.47 0.599312
0.48 0.607058
0.49 0.598571
0.5 0.57408
0.51 0.534238
0.52 0.480111
0.53 0.413147
0.54 0.335136
0.55 0.248163
0.56 0.154555
0.57 0.0568146
0.58 -0.0424451
0.59 -0.14057
0.6 -0.234936
0.61 -0.32302
0.62 -0.402467
0.63 -0.471153
0.64 -0.527241
0.65 -0.56923
0.66 -0.596
0.67 -0.606833
0.68 -0.60144
0.69 -0.579965
0.7 -0.542983
0.71 -0.491482
0.72 -0.426839
0.73 -0.350783
0.74 -0.265348
0.75 -0.172818
0.76 -0.0756665
0.77 0.023508
0.78 0.122054
0.79 0.217336
0.8 0.306807
0.81 0.388075
0.82 0.458965
0.83 0.517584
0.84 0.562363
0.85 0.592105
0.86 0.606015
0.87 0.603721
0.88 0.585284
0.89 0.551198
0.9 0.502373
0.91 0.440115
0.92 0.366089
0.93 0.282274
0.94 0.190912
0.95 0.0944446
0.96 -0.00454783
0.97 -0.103419
0.98 -0.199524
0.99 -0.290295
