0 0
0.01 0.0359478
0.02 0.071238
0.03 0.105225
0.04 0.137287
0.05 0.166839
0.06 0.193338
0.07 0.216301
0.08 0.235307
0.09 0.250009
0.1 0.260138
0.11 0.265509
0.12 0.266023
0.13 0.261671
0.14 0.252532
0.15 0.238775
0.16 0.220649
0.17 0.198488
0.18 0.172696
0.19 0.143745
0.2 0.112164
0.21 0.0785322
0.22 0.0434636
0.23 0.00759999
0.24 -0.0284026
0.25 -0.0638857
0.26 -0.0982003
0.27 -0.130719
0.28 -0.160846
0.29 -0.188031
0.3 -0.211776
0.31 -0.231648
0.32 -0.247283
0.33 -0.258394
0.34 -0.264779
0.35 -0.26632
0.36 -0.262991
0.37 -0.25485
0.38 -0.242048
0.39 -0.224818
0.4 -0.203476
0.41 -0.178412
0.42 -0.150085
0.43 -0.119012
0.44 -0.0857625
0.45 -0.0509441
0.46 -0.0151938
0.47 0.0208344
0.48 0.0564815
0.49 0.0910955
0.5 0.124043
0.51 0.154722
0.52 0.18257
0.53 0.207079
0.54 0.227801
0.55 0.244355
0.56 0.256439
0.57 0.263833
0.58 0.266401
0.59 0.264096
0.6 0.25696
0.61 0.245124
0.62 0.228804
0.63 0.208299
0.64 0.183984
0.65 0.156303
0.66 0.125763
0.67 0.092923
0.68 0.0583831
0.69 0.0227752
0.7 -0.0132492
0.71 -0.0490313
0.72 -0.0839165
0.73 -0.117267
0.74 -0.148472
0.75 -0.176961
0.76 -0.202214
0.77 -0.223767
0.78 -0.241228
0.79 -0.254276
0.8 -0.262673
0.81 -0.266265
0.82 -0.264987
0.83 -0.258861
0.84 -0.248001
0.85 -0.232604
0.86 -0.212952
0.87 -0.189405
0.88 -0.162394
0.89 -0.132412
0.9 -0.100008
0.91 -0.0657746
0.92 -0.0303381
0.93 0.00565323
0.94 0.0415412
0.95 0.0766693
0.96 0.110395
0.97 0.142101
0.98 0.171208
0.99 0.197184
