0 0
0.01 0.242254
0.02 0.461458
0.03 0.636757
0.04 0.751472
0.05 0.794689
0.06 0.762295
0.07 0.657373
0.08 0.489905
0.09 0.275825
0.1 0.0355025
0.11 -0.208198
0.12 -0.43209
0.13 -0.614871
0.14 -0.73915
0.15 -0.793103
0.16 -0.771596
0.17 -0.676676
0.18 -0.517374
0.19 -0.308847
0.2 -0.0709341
0.21 0.173727
0.22 0.40186
0.23 0.591757
0.24 0.725352
0.25 0.789934
0.26 0.779357
0.27 0.694629
0.28 0.543811
0.29 0.341252
0.3 0.106224
0.31 -0.13891
0.32 -0.370827
0.33 -0.567463
0.34 -0.710107
0.35 -0.785188
0.36 -0.785563
0.37 -0.711196
0.38 -0.569162
0.39 -0.372975
0.4 -0.141302
0.41 0.103815
0.42 0.339055
0.43 0.542036
0.44 0.693444
0.45 0.778876
0.46 0.790201
0.47 0.726343
0.48 0.593377
0.49 0.403955
0.5 0.176098
0.51 -0.0685131
0.52 -0.306606
0.53 -0.515527
0.54 -0.675398
0.55 -0.771008
0.56 -0.793262
0.57 -0.74004
0.58 -0.616408
0.59 -0.434128
0.6 -0.210543
0.61 0.0330743
0.62 0.273545
0.63 0.487989
0.64 0.656003
0.65 0.761603
0.66 0.794739
0.67 0.752261
0.68 0.638209
0.69 0.463435
0.7 0.244567
0.71 0.00243042
0.72 -0.239938
0.73 -0.459477
0.74 -0.635299
0.75 -0.750677
0.76 -0.794631
0.77 -0.76298
0.78 -0.658736
0.79 -0.491817
0.8 -0.278104
0.81 -0.0379303
0.82 0.205852
0.83 0.430048
0.84 0.613328
0.85 0.738252
0.86 0.792936
0.87 0.772177
0.88 0.677948
0.89 0.519217
0.9 0.311085
0.91 0.0733545
0.92 -0.171355
0.93 -0.399761
0.94 -0.590132
0.95 -0.724355
0.96 -0.789659
0.97 -0.779832
0.98 -0.695807
0.99 -0.545581
