0 0
0.01 0.0889934
0.02 0.175197
0.03 0.25591
0.04 0.3286
0.05 0.390991
0.06 0.441126
0.07 0.477435
0.08 0.498778
0.09 0.504486
0.1 0.494382
0.11 0.468781
0.12 0.428486
0.13 0.374761
0.14 0.309288
0.15 0.234121
0.16 0.151616
0.17 0.0643575
0.18 -0.0249179
0.19 -0.113412
0.2 -0.198352
0.21 -0.277074
0.22 -0.347111
0.23 -0.406268
0.24 -0.45269
0.25 -0.484923
0.26 -0.501956
0.27 -0.503256
0.28 -0.48878
0.29 -0.458984
0.3 -0.414801
0.31 -0.357616
0.32 -0.289222
0.33 -0.211762
0.34 -0.127664
0.35 -0.0395646
0.36 0.049775
0.37 0.137554
0.38 0.221022
0.39 0.297562
0.4 0.364774
0.41 0.420553
0.42 0.46315
0.43 0.491229
0.44 0.503911
0.45 0.500797
0.46 0.481986
0.47 0.448067
0.48 0.400104
0.49 0.339599
0.5 0.26845
0.51 0.188885
0.52 0.103401
0.53 0.0146751
0.54 -0.0745106
0.55 -0.161361
0.56 -0.243153
0.57 -0.317324
0.58 -0.381548
0.59 -0.433813
0.6 -0.472479
0.61 -0.496336
0.62 -0.504635
0.63 -0.497117
0.64 -0.474016
0.65 -0.436057
0.66 -0.38443
0.67 -0.320753
0.68 -0.247022
0.69 -0.165549
0.7 -0.0788855
0.71 0.0102501
0.72 0.0990645
0.73 0.184774
0.74 0.264691
0.75 0.336312
0.76 0.397391
0.77 0.446014
0.78 0.480656
0.79 0.500233
0.8 0.504129
0.81 0.492224
0.82 0.46489
0.83 0.422984
0.84 0.367819
0.85 0.301125
0.86 0.224993
0.87 0.141808
0.88 0.0541778
0.89 -0.0351504
0.9 -0.123377
0.91 -0.207736
0.92 -0.285583
0.93 -0.354479
0.94 -0.412264
0.95 -0.457127
0.96 -0.48766
0.97 -0.502909
0.98 -0.502393
0.99 -0.48613
