0 0
0.01 0.00938552
0.02 0.0182586
0.03 0.0261349
0.04 0.0325843
0.05 0.0372547
0.06 0.0398911
0.07 0.0403497
0.08 0.0386052
0.09 0.0347531
0.1 0.0290036
0.11 0.0216706
0.12 0.0131545
0.13 0.00392019
0.14 -0.00552816
0.15 -0.0146747
0.16 -0.02302
0.17 -0.0301086
0.18 -0.0355533
0.19 -0.0390569
0.2 -0.0404282
0.21 -0.0395923
0.22 -0.0365947
0.23 -0.0315992
0.24 -0.0248786
0.25 -0.0167996
0.26 -0.00780346
0.27 0.00161874
0.28 0.0109526
0.29 0.0196884
0.3 0.0273493
0.31 0.0335171
0.32 0.0378549
0.33 0.0401261
0.34 0.0402064
0.35 0.0380917
0.36 0.0338973
0.37 0.0278522
0.38 0.0202865
0.39 0.0116132
0.4 0.00230593
0.41 -0.00712727
0.42 -0.0161714
0.43 -0.0243325
0.44 -0.0311653
0.45 -0.0362965
0.46 -0.039446
0.47 -0.040442
0.48 -0.03923
0.49 -0.0358761
0.5 -0.0305636
0.51 -0.0235824
0.52 -0.0153137
0.53 -0.00620889
0.54 0.00323488
0.55 0.012502
0.56 0.0210866
0.57 0.0285199
0.58 0.0343962
0.59 0.0383945
0.6 0.0402967
0.61 0.0399988
0.62 0.0375171
0.63 0.0329871
0.64 0.0266562
0.65 0.0188699
0.66 0.0100534
0.67 0.000687983
0.68 -0.00871496
0.69 -0.0176421
0.7 -0.0256061
0.71 -0.032172
0.72 -0.0369815
0.73 -0.0397719
0.74 -0.0403909
0.75 -0.0388048
0.76 -0.0351
0.77 -0.0294789
0.78 -0.0222484
0.79 -0.0138032
0.8 -0.00460436
0.81 0.00484583
0.82 0.0140315
0.83 0.022451
0.84 0.0296449
0.85 0.0352202
0.86 0.0388726
0.87 0.0404027
0.88 0.039727
0.89 0.0368824
0.9 0.0320241
0.91 0.0254174
0.92 0.017423
0.93 0.00847738
0.94 -0.00093107
0.95 -0.0102887
0.96 -0.0190846
0.97 -0.0268385
0.98 -0.0331272
0.99 -0.0376072
