0 0
0.01 0.104499
0.02 0.203134
0.03 0.290369
0.04 0.361308
0.05 0.411971
0.06 0.439513
0.07 0.44239
0.08 0.42044
0.09 0.374895
0.1 0.308311
0.11 0.224424
0.12 0.127942
0.13 0.0242802
0.14 -0.0807442
0.15 -0.181237
0.16 -0.271559
0.17 -0.346641
0.18 -0.402269
0.19 -0.435322
0.2 -0.443945
0.21 -0.427653
0.22 -0.387361
0.23 -0.325331
0.24 -0.245042
0.25 -0.151002
0.26 -0.0484878
0.27 0.0567478
0.28 0.158799
0.29 0.251938
0.3 0.330938
0.31 0.391366
0.32 0.42983
0.33 0.444172
0.34 0.433587
0.35 0.398669
0.36 0.341378
0.37 0.264928
0.38 0.173611
0.39 0.0725504
0.4 -0.0325817
0.41 -0.135885
0.42 -0.231563
0.43 -0.314245
0.44 -0.379292
0.45 -0.423053
0.46 -0.443072
0.47 -0.438225
0.48 -0.408786
0.49 -0.356405
0.5 -0.284023
0.51 -0.195701
0.52 -0.0963962
0.53 0.0083182
0.54 0.112566
0.55 0.210496
0.56 0.296613
0.57 0.366084
0.58 0.415011
0.59 0.440647
0.6 0.441554
0.61 0.41768
0.62 0.370366
0.63 0.302268
0.64 0.217206
0.65 0.119954
0.66 0.0159701
0.67 -0.0889097
0.68 -0.1888
0.69 -0.278095
0.7 -0.351783
0.71 -0.405728
0.72 -0.436905
0.73 -0.443562
0.74 -0.425326
0.75 -0.383221
0.76 -0.319609
0.77 -0.238061
0.78 -0.143153
0.79 -0.0402108
0.8 0.0649879
0.81 0.166539
0.82 0.258745
0.83 0.336429
0.84 0.395233
0.85 0.431856
0.86 0.444244
0.87 0.4317
0.88 0.394929
0.89 0.335995
0.9 0.258205
0.91 0.165924
0.92 0.0643312
0.93 -0.0408718
0.94 -0.143781
0.95 -0.238621
0.96 -0.32007
0.97 -0.383556
0.98 -0.425517
0.99 -0.443598
