0 0
0.01 0.0304358
0.02 0.0605286
0.03 0.0899392
0.04 0.118336
0.05 0.145399
0.06 0.170824
0.07 0.194323
0.08 0.215632
0.09 0.23451
0.1 0.250746
0.11 0.264156
0.12 0.274588
0.13 0.281925
0.14 0.286085
0.15 0.287021
0.16 0.284722
0.17 0.279213
0.18 0.270558
0.19 0.258853
0.2 0.244231
0.21 0.226857
0.22 0.206925
0.23 0.184661
0.24 0.160316
0.25 0.134165
0.26 0.106501
0.27 0.0776363
0.28 0.047897
0.29 0.0176178
0.3 -0.0128599
0.31 -0.0431927
0.32 -0.0730387
0.33 -0.102061
0.34 -0.129934
0.35 -0.156342
0.36 -0.180988
0.37 -0.203594
0.38 -0.223906
0.39 -0.241693
0.4 -0.256757
0.41 -0.268927
0.42 -0.278066
0.43 -0.284071
0.44 -0.286875
0.45 -0.286445
0.46 -0.282786
0.47 -0.275941
0.48 -0.265985
0.49 -0.253032
0.5 -0.237227
0.51 -0.218748
0.52 -0.197803
0.53 -0.174629
0.54 -0.149487
0.55 -0.122661
0.56 -0.0944514
0.57 -0.0651776
0.58 -0.0351692
0.59 -0.00476444
0.6 0.025694
0.61 0.0558629
0.62 0.0854022
0.63 0.113979
0.64 0.141271
0.65 0.166971
0.66 0.190789
0.67 0.212457
0.68 0.23173
0.69 0.248391
0.7 0.262253
0.71 0.273159
0.72 0.280987
0.73 0.285647
0.74 0.287088
0.75 0.285293
0.76 0.280283
0.77 0.272114
0.78 0.260878
0.79 0.246702
0.8 0.229745
0.81 0.210199
0.82 0.188284
0.83 0.164247
0.84 0.138358
0.85 0.11091
0.86 0.0822125
0.87 0.052588
0.88 0.0223708
0.89 -0.0080985
0.9 -0.0384766
0.91 -0.068421
0.92 -0.0975942
0.93 -0.125668
0.94 -0.152324
0.95 -0.177265
0.96 -0.200207
0.97 -0.220893
0.98 -0.239089
0.99 -0.25459
