0 0
0.01 0.192149
0.02 0.368731
0.03 0.51544
0.04 0.62039
0.05 0.675078
0.06 0.675075
0.07 0.62038
0.08 0.515424
0.09 0.368711
0.1 0.192126
0.11 -2.3851e-05
0.12 -0.192172
0.13 -0.368751
0.14 -0.515455
0.15 -0.6204
0.16 -0.675082
0.17 -0.675072
0.18 -0.62037
0.19 -0.515408
0.2 -0.368691
0.21 -0.192103
0.22 4.7702e-05
0.23 0.192195
0.24 0.368771
0.25 0.515471
0.26 0.62041
0.27 0.675085
0.28 0.675068
0.29 0.62036
0.3 0.515393
0.31 0.368671
0.32 0.19208
0.33 -7.15529e-05
0.34 -0.192218
0.35 -0.368791
0.36 -0.515487
0.37 -0.620419
0.38 -0.675089
0.39 -0.675065
0.4 -0.62035
0.41 -0.515377
0.42 -0.368651
0.43 -0.192057
0.44 9.54039e-05
0.45 0.192241
0.46 0.368811
0.47 0.515502
0.48 0.620429
0.49 0.675092
0.5 0.675061
0.51 0.62034
0.52 0.515362
0.53 0.368631
0.54 0.192035
0.55 -0.000119255
0.56 -0.192263
0.57 -0.368831
0.58 -0.515518
0.59 -0.620439
0.6 -0.675095
0.61 -0.675058
0.62 -0.62033
0.63 -0.515346
0.64 -0.36861
0.65 -0.192012
0.66 0.000143106
0.67 0.192286
0.68 0.368851
0.69 0.515533
0.7 0.620449
0.71 0.675099
0.72 0.675055
0.73 0.62032
0.74 0.51533
0.75 0.36859
0.76 0.191989
0.77 -0.000166957
0.78 -0.192309
0.79 -0.368871
0.8 -0.515549
0.81 -0.620459
0.82 -0.675102
0.83 -0.675051
0.84 -0.62031
0.85 -0.515315
0.86 -0.36857
0.87 -0.191966
0.88 0.000190808
0.89 0.192332
0.9 0.368891
0.91 0.515565
0.92 0.620469
0.93 0.675106
0.94 0.675048
0.95 0.620301
0.96 0.515299
0.97 0.36855
0.98 0.191943
0.99 -0.000214659
