0 0
0.01 0.0426507
0.02 0.08474
0.03 0.125714
0.04 0.165033
0.05 0.20218
0.06 0.236666
0.07 0.268037
0.08 0.29588
0.09 0.319829
0.1 0.339568
0.11 0.354838
0.12 0.365437
0.13 0.371226
0.14 0.372129
0.15 0.368134
0.16 0.359294
0.17 0.345725
0.18 0.327605
0.19 0.305173
0.2 0.278725
0.21 0.248608
0.22 0.215219
0.23 0.178997
0.24 0.140419
0.25 0.0999926
0.26 0.0582504
0.27 0.0157414
0.28 -0.0269747
0.29 -0.0693358
0.3 -0.110784
0.31 -0.150775
0.32 -0.18878
0.33 -0.224302
0.34 -0.25687
0.35 -0.286058
0.36 -0.311481
0.37 -0.332804
0.38 -0.349747
0.39 -0.362086
0.4 -0.369659
0.41 -0.372367
0.42 -0.370174
0.43 -0.363108
0.44 -0.351264
0.45 -0.334796
0.46 -0.313921
0.47 -0.288914
0.48 -0.260105
0.49 -0.227872
0.5 -0.19264
0.51 -0.154873
0.52 -0.115067
0.53 -0.0737459
0.54 -0.0314547
0.55 0.0112505
0.56 0.0538077
0.57 0.0956566
0.58 0.136247
0.59 0.175043
0.6 0.211536
0.61 0.245244
0.62 0.275725
0.63 0.302576
0.64 0.325445
0.65 0.34403
0.66 0.358087
0.67 0.367431
0.68 0.371939
0.69 0.371552
0.7 0.366273
0.71 0.356175
0.72 0.341388
0.73 0.322107
0.74 0.298587
0.75 0.271137
0.76 0.240118
0.77 0.205939
0.78 0.16905
0.79 0.129935
0.8 0.0891097
0.81 0.0471118
0.82 0.00449378
0.83 -0.0381834
0.84 -0.0803579
0.85 -0.121475
0.86 -0.160993
0.87 -0.198392
0.88 -0.23318
0.89 -0.264898
0.9 -0.29313
0.91 -0.317504
0.92 -0.337699
0.93 -0.353449
0.94 -0.364547
0.95 -0.370846
0.96 -0.372265
0.97 -0.368784
0.98 -0.360449
0.99 -0.347369
